0,310
0,305
0,304
0,303
0,302
936,13
936,12
936,11
936,10
936,9
936,8
936,7
936,6
936,5
936,4
936,3
936,2
936,1
936,0
935,14
935,13
935,12
935,11
935,10
935,9
935,8
935,7
935,6
935,5
935,4
935,3
935,2
935,1
935,0
934,3
934,2
934,1
934,0
933,3
933,2
933,1
933,0
932,3
932,2
932,1
932,0
931,8
931,7
931,6
931,5
931,4
931,3
931,2
931,1
931,0
930,3
930,2
930,1
930,0
929,8
929,7
929,6
929,5
929,4
929,3
929,2
929,1
929,0
928,13
928,12
928,11
928,10
928,9
928,8
928,7
928,6
928,5
928,4
928,3
928,2
928,1
928,0
927,21
927,20
927,19
927,18
927,17
927,16
927,15
927,14
927,13
927,12
927,11
927,10
927,9
927,8
927,7
927,6
927,5
927,4
927,3
927,2
927,1
927,0
926,18
926,17
926,16
926,15
926,14
926,13
926,12
926,11
926,10
926,9
926,8
926,7
926,6
926,5
926,4
926,3
926,2
926,1
926,0
925,4
925,3
925,2
925,1
925,0
924,3
924,2
924,1
924,0
923,4
923,3
923,2
923,1
923,0
922,4
922,3
922,2
922,1
922,0
920,4
920,3
920,2
920,1
920,0
918,4
918,3
918,2
918,1
918,0
916,4
916,3
916,2
916,1
916,0
915,4
915,3
915,2
915,1
915,0
914,3
914,2
914,1
914,0
2,3
1,3
0,408
0,363
0,362
0,361
0,359
0,355
0,352
0,343
0,342
0,339
0,338
0,337
0,322
0,308
0,307
0,243
0,12
0,10
0,9
0,8
0,0
0,1
0,440
0,300
0,394
0,299
0,396
0,298
0,365
0,297
0,333
0,296
0,392
0,295
0,411
0,294
0,327
0,293
0,301
0,292
0,381
0,291
0,382
0,290
0,409
0,289
0,306
0,288
0,376
0,287
0,360
0,286
0,426
0,285
0,320
0,284
0,410
0,283
0,406
0,282
0,375
0,281
0,358
0,280
0,420
0,279
0,423
0,278
0,388
0,277
0,356
0,276
0,435
0,275
0,422
4,3
0,274
0,402
0,273
0,444
0,272
0,371
0,271
0,270
0,354
0,269
0,418
0,268
0,373
0,267
0,419
0,266
0,316
0,265
0,379
0,264
0,372
0,263
0,389
0,262
0,370
0,261
0,395
0,260
0,403
0,259
0,311
0,258
0,433
0,257
0,340
0,256
0,309
0,255
0,390
0,254
0,447
0,253
0,417
0,252
0,367
0,251
0,387
0,250
0,425
0,249
0,326
0,248
0,385
0,247
0,446
0,246
0,439
0,245
0,412
0,244
0,364
0,242
0,427
0,241
0,349
0,240
0,369
0,239
0,329
0,238
0,353
0,237
0,319
0,236
0,421
0,235
0,325
0,234
0,413
0,233
0,432
0,232
0,443
0,231
0,348
0,230
0,404
0,229
0,445
0,228
0,416
0,227
0,321
0,226
0,324
0,225
0,368
0,224
0,351
0,223
0,401
0,222
0,407
0,221
0,344
0,220
0,429
0,219
0,428
0,218
0,424
0,217
0,380
0,216
0,378
0,215
0,318
0,214
0,384
0,213
0,350
0,212
0,383
0,211
0,415
0,210
0,330
0,209
0,328
0,208
0,399
0,207
0,438
0,206
0,414
0,205
0,357
0,204
0,317
0,203
0,334
0,202
0,436
0,201
0,314
0,200
0,332
0,199
0,400
0,198
0,315
0,197
0,313
0,196
0,323
0,195
0,312
0,194
0,434
0,193
0,441
0,192
0,386
0,63
0,377
0,62
0,366
0,61
0,341
0,60
0,397
0,59
0,442
0,58
0,437
0,57
0,347
0,56
0,391
0,55
0,430
0,54
0,346
0,53
0,331
0,52
0,393
0,51
0,335
0,50
0,431
0,49
0,336
0,48
0,345
0,47
0,405
0,46
0,398
0,45
0,374
0,6
0,5
0,11
0,4
0,2
0,3
0,7
